0.003 1.652 3.504 4.923 5.990 6.542 8.000 9.512 10.166 12.380 13.205 14.931 16.010 17.110 17.821 19.381 20.130 20.541 20.018 21.172 21.760 22.177 21.995 22.781 23.638 23.146 24.353 25.133 25.405 25.643 26.535 26.958 26.637 26.725 27.512 27.802 27.582 28.356 28.370 28.772 28.749 29.011 29.308 29.296 29.449 29.498 29.581 29.509
0.955 0.004 1.737 3.921 5.644 4.543 4.619 7.508 8.630 8.283 9.886 12.451 14.139 13.054 15.166 17.115 17.172 17.682 19.381 19.574 19.117 19.470 20.614 20.806 21.793 21.685 23.366 23.724 24.428 24.352 25.534 26.038 25.846 26.339 26.843 27.062 26.789 27.675 27.791 28.247 28.195 28.648 28.911 28.881 29.178 29.359 29.488 29.421
3.229 0.922 0.010 1.631 2.816 3.883 3.674 4.168 5.413 6.466 5.989 8.056 9.083 8.639 9.485 10.831 11.761 11.586 13.080 13.605 13.622 14.959 15.695 16.600 17.487 18.517 19.857 20.792 21.956 22.905 23.949 24.615 24.671 24.574 25.695 26.093 26.103 26.836 27.030 27.769 27.751 27.868 28.525 28.551 28.706 28.910 29.157 29.053
4.121 2.667 0.649 0.006 1.185 1.879 2.731 2.507 3.020 3.988 4.425 4.230 4.861 5.047 5.727 6.174 6.719 7.286 8.014 9.254 9.705 10.808 12.437 13.732 14.411 16.138 17.024 18.568 20.297 21.324 22.885 23.539 23.640 23.571 24.748 25.134 25.072 25.881 26.365 26.755 27.092 27.363 27.807 27.917 28.300 28.613 28.680 28.897
3.828 3.132 1.421 0.625 0.031 0.832 1.598 2.362 1.977 2.866 3.677 3.985 3.977 4.622 5.101 5.334 5.897 6.508 6.983 7.597 8.748 9.176 10.543 12.649 13.144 14.665 15.748 17.232 18.816 20.731 21.987 23.237 22.700 22.810 24.199 24.739 24.676 25.587 26.182 26.819 26.900 27.420 27.669 28.029 28.309 28.527 28.709 28.979
3.826 3.200 2.127 1.373 0.593 0.018 1.016 1.684 1.906 1.964 2.372 3.077 3.394 3.375 4.080 4.657 4.572 5.617 6.165 7.057 7.407 8.721 10.069 12.137 12.789 14.028 15.496 16.875 18.196 20.159 21.625 22.531 22.693 22.602 24.029 24.305 24.357 25.368 25.881 26.436 26.755 27.045 27.573 27.632 28.115 28.326 28.628 28.641
4.922 3.444 2.136 1.826 1.176 0.589 0.007 1.032 1.507 1.970 1.859 2.422 2.951 3.165 3.398 3.935 4.269 4.695 5.308 6.290 6.736 7.396 9.434 11.360 11.874 13.448 14.473 15.788 17.849 19.473 20.958 21.850 22.273 22.109 23.358 23.861 24.281 25.229 25.724 26.348 26.800 27.051 27.446 27.754 28.117 28.348 28.743 28.837
5.501 4.115 2.716 1.793 2.035 1.232 0.578 0.010 0.930 1.541 2.136 2.030 2.356 2.810 3.117 3.372 3.770 4.441 5.051 5.707 7.033 7.299 8.707 11.312 11.698 13.445 14.551 15.504 17.339 19.210 20.514 21.876 21.977 21.886 23.362 23.807 24.050 25.093 25.720 26.219 26.709 27.119 27.329 27.581 28.126 28.380 28.523 28.790
4.930 4.444 3.208 2.337 1.859 1.765 1.173 0.591 0.014 0.869 1.633 2.164 1.998 2.242 2.684 2.983 3.444 4.110 5.007 5.139 6.483 7.565 8.529 10.833 11.689 13.063 14.436 15.495 16.994 18.990 20.258 21.309 21.695 21.872 22.985 23.647 24.112 24.838 25.690 26.193 26.512 27.108 27.273 27.438 27.835 28.206 28.524 28.747
6.227 4.899 3.589 3.180 2.230 1.887 1.629 1.340 0.568 0.013 0.979 1.775 2.046 1.811 2.307 2.634 2.859 3.315 4.185 4.789 5.855 7.021 8.081 10.013 11.285 12.782 13.904 15.071 16.566 18.629 19.802 21.158 21.030 21.576 22.918 23.402 24.016 24.958 25.718 26.393 26.889 27.187 27.526 27.642 28.077 28.358 28.661 29.008
6.315 5.227 4.034 3.310 3.247 2.293 1.673 1.654 1.225 0.556 0.008 1.062 1.586 1.806 1.717 2.182 2.566 3.201 3.681 4.370 5.490 6.476 7.517 9.384 10.458 12.310 13.237 14.409 16.384 18.181 19.288 20.655 21.091 21.160 22.758 23.233 23.697 24.702 25.546 25.961 26.569 26.840 27.321 27.492 27.941 28.198 28.614 28.827
6.631 5.502 4.292 3.996 3.593 3.376 2.309 1.816 1.582 1.141 0.574 0.008 0.871 1.380 1.953 1.809 2.228 2.921 3.609 4.326 5.483 6.436 7.217 9.247 10.229 12.021 13.135 14.343 16.283 18.252 19.489 20.632 21.354 21.315 22.492 23.284 24.061 24.609 25.520 25.770 26.468 26.973 27.224 27.449 27.907 28.233 28.542 28.767
6.953 5.980 5.143 4.607 4.228 3.612 3.378 2.367 1.681 1.565 1.225 0.573 0.009 0.871 1.445 1.849 1.761 2.168 2.916 3.777 4.992 5.925 6.975 8.795 9.487 11.213 12.799 13.991 15.501 17.372 18.763 19.811 20.008 20.501 21.986 22.596 23.457 24.272 25.178 25.509 26.140 26.743 27.079 27.160 27.681 28.031 28.496 28.665
6.864 6.417 5.122 4.530 4.500 4.005 3.219 3.057 2.176 1.661 1.662 1.267 0.569 0.006 0.833 1.337 1.771 1.751 2.287 3.275 4.155 5.555 6.507 8.062 9.073 10.726 12.062 13.136 14.862 17.048 18.050 19.293 19.328 19.708 21.377 22.187 22.654 23.754 24.937 25.403 25.974 26.455 26.958 27.151 27.561 27.984 28.470 28.600
7.606 7.704 6.776 5.128 5.255 4.447 4.034 3.376 3.084 2.210 1.866 1.879 1.258 0.558 0.007 0.880 1.369 1.933 2.124 2.966 4.135 5.171 6.517 7.585 8.862 10.431 11.514 12.638 14.354 16.653 17.580 18.729 19.285 19.331 21.042 21.875 22.544 23.566 24.692 25.243 25.968 26.367 26.836 27.064 27.676 28.026 28.407 28.645
8.137 8.530 7.769 6.682 5.410 5.053 4.750 3.734 3.216 2.928 2.304 1.943 1.778 1.305 0.596 0.005 0.844 1.560 2.286 2.760 3.645 4.960 6.355 7.491 8.594 10.181 11.714 12.823 14.563 16.444 17.406 18.540 18.950 19.297 21.088 21.975 22.745 24.015 24.915 25.576 26.049 26.845 27.134 27.307 27.889 28.267 28.482 28.646
8.785 9.224 8.425 7.823 6.931 5.646 5.216 4.699 3.849 3.212 3.056 2.286 2.006 1.787 1.425 0.608 0.013 1.008 1.941 2.899 3.250 4.327 6.004 7.378 8.622 10.244 11.798 12.993 14.340 16.498 17.503 18.751 18.616 19.429 21.455 21.972 22.709 24.048 24.921 25.649 26.130 26.697 26.970 27.045 27.626 28.076 28.430 28.799
9.800 10.725 8.956 8.386 8.315 7.026 5.613 5.413 4.930 4.124 3.832 3.645 2.550 1.983 2.091 1.372 0.641 0.009 1.110 2.290 3.116 3.758 5.151 6.666 8.161 9.725 11.079 12.005 13.656 15.790 16.685 18.082 18.107 18.573 20.652 21.349 21.826 23.186 24.253 24.918 25.623 26.078 26.662 26.967 27.449 27.868 28.252 28.409
11.995 12.815 11.088 9.077 9.746 9.050 7.675 6.625 6.399 5.946 4.729 4.649 4.264 2.673 2.704 2.476 1.660 0.655 0.010 1.195 2.631 3.493 4.690 6.463 8.249 9.558 11.179 12.123 13.864 15.923 16.906 17.938 18.421 18.771 20.479 21.649 22.467 23.633 24.754 25.496 26.204 26.687 27.058 27.443 27.903 28.134 28.371 28.709
13.703 14.421 13.248 12.040 11.635 11.260 10.338 8.800 7.698 7.649 7.009 5.418 5.780 5.307 3.460 3.213 3.234 2.325 0.744 0.007 1.145 2.901 4.342 5.907 7.566 9.235 11.185 12.037 13.615 15.708 16.538 17.511 17.981 18.510 20.144 20.742 21.798 23.299 24.115 24.781 25.444 26.280 26.784 26.655 27.536 27.980 28.203 28.423
17.007 17.549 15.931 15.635 14.845 13.668 13.859 12.730 11.598 10.295 9.873 8.727 7.368 7.674 6.173 3.993 4.084 3.925 2.594 0.830 0.006 1.537 3.793 5.648 7.086 8.649 11.196 11.881 13.452 15.042 15.964 17.520 17.164 18.138 20.135 20.708 21.299 22.952 24.018 24.907 25.610 26.108 26.684 27.020 27.476 27.977 28.409 28.671
20.517 19.870 18.853 17.813 17.808 16.671 14.985 15.237 14.230 12.778 11.763 11.090 10.103 8.805 8.482 7.061 5.461 4.807 4.252 3.131 1.062 0.009 1.806 4.003 6.146 7.144 8.929 10.721 12.401 14.458 15.663 16.971 17.164 17.585 19.702 20.527 21.193 22.505 23.751 24.615 25.414 26.069 26.538 26.798 27.393 27.602 27.933 28.336
24.031 23.911 22.729 22.166 21.442 20.836 19.103 18.118 17.712 16.197 14.162 13.765 12.988 10.473 9.564 9.132 8.021 5.904 5.771 5.449 3.758 1.328 0.005 1.804 4.726 5.568 6.763 8.169 9.934 12.235 13.404 14.969 15.324 16.123 17.635 18.759 19.961 20.813 21.854 23.130 24.166 24.656 25.348 25.938 26.844 27.219 27.663 28.068
26.208 26.271 25.616 24.964 24.440 23.724 22.996 21.611 20.343 18.778 17.570 16.212 14.992 13.458 12.176 10.600 9.984 8.896 6.743 6.337 5.930 4.167 1.485 0.013 2.057 4.876 6.295 6.890 9.114 10.941 12.740 14.358 14.479 15.746 17.585 18.360 19.779 21.210 22.527 23.627 24.617 25.465 26.077 26.230 26.984 27.544 27.924 28.113
26.951 26.715 26.105 25.686 25.204 24.832 24.088 23.274 22.367 21.055 20.244 19.395 17.550 16.193 15.167 13.320 12.312 10.288 8.838 7.667 6.641 5.360 3.797 1.780 0.002 1.836 4.366 6.074 7.039 9.053 11.273 12.748 12.183 13.287 15.351 16.668 17.819 18.885 20.434 21.278 22.114 23.103 23.849 24.401 25.249 25.934 26.493 26.789
27.137 27.061 26.616 26.150 25.763 25.191 24.687 24.039 23.039 22.201 21.258 20.114 18.768 16.705 15.345 14.485 12.605 11.035 9.803 8.898 7.513 6.339 5.333 3.705 1.566 0.007 2.052 4.590 6.117 8.140 10.138 12.839 12.350 13.139 15.604 17.595 18.316 19.886 21.785 22.622 23.685 24.252 25.112 25.380 26.011 26.638 26.955 27.315
27.491 27.303 27.001 26.646 26.271 26.166 25.655 24.933 24.189 23.823 23.286 22.080 20.558 19.780 17.862 16.326 15.325 13.606 11.974 11.198 9.945 8.243 6.813 5.602 4.025 1.767 0.003 1.934 4.426 6.611 7.461 9.722 10.198 10.511 12.502 14.536 16.205 17.245 18.917 20.640 22.105 22.745 23.553 24.243 24.989 25.638 26.190 26.527
27.587 27.466 27.027 27.059 26.407 26.174 25.909 25.210 24.544 23.750 23.575 22.801 20.967 20.543 19.391 17.239 16.077 15.561 13.546 12.364 11.520 10.569 8.213 6.760 5.944 3.894 1.713 0.003 1.853 4.216 5.748 6.674 6.912 8.503 10.331 11.448 13.058 14.694 16.363 17.673 19.240 20.166 21.041 21.995 22.643 23.749 24.402 24.945
27.740 27.347 27.191 26.862 26.283 26.063 25.953 25.323 24.500 23.976 24.147 23.148 22.096 21.546 20.292 18.992 17.503 16.995 15.380 14.000 13.079 12.299 10.136 8.404 7.345 6.034 3.814 1.545 0.013 1.604 3.692 5.532 6.375 7.725 9.087 11.121 12.782 14.474 15.663 17.980 19.761 20.421 21.593 22.744 23.675 24.453 25.188 25.571
27.798 27.777 27.268 26.937 26.735 26.188 26.108 25.771 24.986 24.631 24.567 24.021 23.122 22.917 21.959 20.013 19.236 18.772 16.889 15.672 15.010 14.299 12.309 10.414 8.882 7.179 5.204 3.623 1.255 0.015 1.737 4.669 5.477 5.849 6.678 9.848 12.567 12.704 13.992 16.686 18.399 18.587 20.332 21.911 23.051 23.810 24.628 25.055
27.887 28.010 27.339 27.373 26.831 26.199 26.126 26.234 25.364 24.956 24.927 24.841 23.414 23.547 22.577 21.447 20.752 20.534 18.838 17.922 16.907 15.865 14.259 12.648 11.371 9.003 7.490 5.790 4.040 1.313 0.031 1.994 3.925 4.708 4.323 5.695 8.186 9.921 10.793 12.435 13.880 15.169 15.758 16.918 17.829 19.223 20.078 20.551
28.339 28.258 27.518 27.638 27.312 26.975 26.955 26.758 25.970 25.366 25.901 25.304 24.212 23.847 23.328 22.087 20.930 20.765 19.651 18.457 17.444 16.828 15.167 13.405 12.001 10.492 8.424 6.930 5.494 3.671 0.970 0.002 1.678 3.400 4.069 4.087 5.341 7.450 9.204 9.581 11.327 12.556 13.663 14.094 15.408 16.056 17.303 18.770
28.307 28.211 27.979 27.604 27.264 27.284 26.904 26.668 26.245 26.107 25.700 25.257 24.622 24.261 23.601 22.422 21.495 21.339 20.186 19.458 18.242 17.044 16.272 14.624 12.983 11.646 10.451 8.080 6.290 4.319 2.728 0.809 0.004 1.330 2.757 4.078 4.121 5.548 7.474 9.126 10.009 11.118 12.336 13.372 14.156 15.533 15.830 17.693
28.446 28.127 27.943 27.890 27.486 26.916 26.877 26.663 26.114 25.623 25.609 25.332 24.306 23.724 23.042 22.048 21.193 20.744 19.321 18.749 17.656 16.660 15.633 14.128 12.780 11.462 10.124 8.827 6.801 5.280 3.936 2.553 0.701 0.016 1.535 3.464 4.666 4.200 6.212 8.157 10.067 10.741 11.973 12.652 13.819 14.617 15.763 16.702
28.419 28.172 27.568 27.833 27.330 26.846 26.910 26.679 25.893 25.581 25.801 25.283 24.514 23.959 23.087 21.986 21.569 21.049 19.582 19.078 18.120 17.411 16.259 14.805 13.681 12.129 10.752 9.221 7.381 6.410 4.568 3.778 2.748 0.712 0.007 1.639 3.524 4.847 4.600 6.561 7.802 9.230 10.467 11.374 12.499 13.521 14.149 15.630
28.686 28.388 27.885 27.727 27.601 27.263 26.987 26.706 26.299 25.961 25.905 25.365 24.846 24.400 23.359 22.831 22.388 21.502 20.411 19.989 19.168 18.378 17.176 15.982 14.482 13.628 11.956 10.220 9.151 7.401 5.380 4.190 4.087 2.908 0.671 0.009 1.584 3.951 4.847 4.745 6.598 7.993 9.586 10.159 11.523 12.642 13.436 14.891
28.547 28.614 28.279 27.993 27.384 27.267 27.330 26.799 26.034 25.971 25.966 25.608 25.144 24.722 24.059 23.260 22.754 22.406 21.054 20.564 19.882 18.536 17.664 16.488 15.038 13.712 13.075 11.671 10.033 8.291 7.288 5.280 4.373 4.206 3.334 0.683 0.016 1.879 4.362 5.378 5.372 6.410 8.883 10.419 11.002 12.822 13.618 14.884
28.731 28.463 28.122 28.208 27.659 27.272 27.544 27.219 26.700 26.450 26.355 25.922 25.496 25.032 23.787 23.227 23.038 22.247 20.520 20.310 19.728 18.699 17.904 16.592 15.520 14.155 13.601 12.432 10.833 10.269 8.686 8.463 5.750 5.050 4.585 3.758 0.731 0.023 1.911 4.442 5.399 4.934 6.693 8.367 10.000 11.219 12.100 13.620
28.841 28.855 28.412 28.363 28.099 27.683 27.473 27.556 27.070 26.596 26.469 26.340 26.031 25.454 24.948 23.964 23.538 23.092 21.844 21.598 20.724 19.935 19.147 17.664 16.391 15.283 14.909 13.357 12.572 11.534 10.380 9.986 9.041 6.040 5.307 5.037 4.152 0.815 0.015 1.978 4.396 5.216 5.438 6.546 8.573 10.675 11.977 13.363
28.983 28.788 28.388 28.222 28.016 27.733 27.700 27.279 27.331 27.099 26.791 26.407 26.267 25.717 25.000 24.761 24.226 23.804 22.456 22.215 21.361 20.665 19.983 18.820 17.594 16.402 16.260 15.032 13.927 12.655 11.587 11.390 10.681 8.905 6.648 5.543 5.511 4.296 0.802 0.012 1.726 3.886 5.269 4.709 6.239 8.345 9.776 11.265
29.110 29.042 28.801 28.787 28.445 28.072 28.396 28.096 27.704 27.477 27.616 27.282 26.926 26.484 25.924 25.174 24.736 24.372 22.949 23.047 22.092 21.372 20.327 19.484 18.453 16.828 16.774 16.068 14.317 13.985 12.941 12.053 11.745 10.995 9.410 6.455 6.016 4.981 3.810 0.828 0.038 1.719 4.019 5.063 4.944 6.906 8.647 9.819
28.908 29.009 28.621 28.671 28.453 27.890 28.005 28.078 27.620 27.321 27.452 27.204 27.004 26.476 25.961 25.478 25.035 24.905 23.626 23.629 22.894 22.205 21.181 19.882 18.721 17.207 17.097 15.638 15.240 15.030 13.443 12.628 12.327 11.076 11.096 8.768 6.566 5.576 4.725 3.737 0.860 0.010 1.710 4.124 5.045 5.394 6.785 8.845
29.080 28.963 28.620 28.385 28.414 27.971 27.927 27.740 27.717 27.427 27.105 27.144 26.786 26.398 25.854 25.443 25.158 24.977 23.956 23.766 22.825 22.339 21.766 20.396 19.078 18.259 17.967 16.605 16.310 15.725 14.298 13.335 13.076 11.891 11.366 10.834 8.735 6.183 5.527 4.964 3.577 0.841 0.028 1.691 4.163 5.155 5.394 6.639
29.096 28.980 28.700 28.407 28.223 28.026 28.168 27.726 27.834 27.728 27.414 27.181 27.024 26.720 26.197 25.889 25.674 25.463 24.366 24.380 23.662 23.323 22.393 21.501 20.474 18.939 19.147 17.987 17.033 16.508 15.511 14.947 14.303 13.286 12.931 11.743 10.212 9.165 6.513 5.236 5.015 3.562 0.836 0.020 1.832 4.325 5.422 5.688
29.262 29.141 28.909 28.920 28.641 28.325 28.560 28.374 28.124 28.070 27.991 27.813 27.432 27.275 26.752 26.314 26.338 26.052 24.976 25.136 24.528 24.127 23.297 22.262 21.141 19.579 19.875 18.723 17.317 17.335 16.169 15.514 15.161 14.335 13.419 12.633 11.039 10.415 8.684 6.388 5.380 5.172 3.855 0.874 0.017 1.848 4.977 5.259
29.243 29.138 28.915 28.849 28.679 28.466 28.416 28.356 28.077 27.917 27.797 27.802 27.359 27.245 26.803 26.248 26.139 26.141 25.169 25.129 24.331 24.186 23.565 22.361 21.189 19.977 20.115 18.855 17.304 17.644 16.239 15.670 15.645 14.836 14.301 13.348 11.805 10.900 10.007 8.412 6.308 5.485 5.128 4.153 0.912 0.024 1.744 4.427
29.302 29.120 28.981 28.697 28.649 28.395 28.423 28.125 27.965 27.776 27.830 27.647 27.269 27.188 26.770 26.324 26.243 26.320 25.579 25.406 24.962 24.742 24.271 22.808 22.397 21.232 20.810 19.964 18.896 18.363 17.441 16.409 16.974 15.922 15.424 14.467 13.139 12.068 10.957 10.152 8.736 6.525 5.834 5.392 4.420 1.012 0.013 1.556
29.526 29.464 29.465 29.322 29.131 28.909 29.121 28.863 28.639 28.621 28.669 28.419 27.952 28.201 28.008 27.559 27.538 27.527 27.064 26.738 26.737 26.597 26.098 24.958 24.797 23.823 23.331 22.637 21.804 21.147 20.279 20.103 19.529 19.037 18.164 17.094 15.875 14.602 12.546 11.771 10.927 9.134 6.711 6.442 6.380 4.151 1.182 0.006
