0.037 1.884 3.896 5.129 4.962 5.229 7.436 8.759 8.746 10.059 12.334 12.478 12.010 13.593 14.318 14.662 15.366 16.490 17.626 17.895 18.350 18.926 19.847 20.111 19.620 21.026 22.334 22.159 22.192 22.788 22.334 23.493 23.618 24.184 24.819
1.371 0.123 1.065 2.100 2.523 2.252 2.178 3.618 4.042 3.724 4.478 6.350 6.421 4.883 6.389 7.561 6.882 7.162 8.482 9.638 9.423 9.756 10.046 10.629 10.177 11.160 12.412 13.654 14.319 15.750 16.750 18.123 19.250 20.941 21.559
1.989 0.726 0.018 0.722 1.137 1.245 1.196 1.343 1.711 1.969 1.982 2.303 2.797 2.821 2.858 3.389 3.841 3.976 4.378 4.689 5.066 5.324 5.580 5.903 6.414 7.473 8.419 9.825 11.016 13.018 14.380 16.290 17.993 19.393 20.659
2.370 1.143 0.573 0.036 0.607 0.909 1.063 1.034 1.187 1.506 1.690 1.820 1.888 2.129 2.334 2.540 2.702 3.157 3.445 3.701 3.862 4.315 4.780 5.006 5.742 6.778 7.756 9.153 10.603 12.657 13.810 16.034 17.632 18.808 20.205
2.521 1.531 0.990 0.575 0.095 0.625 0.917 1.110 0.982 1.196 1.435 1.676 1.666 1.822 2.069 2.332 2.392 2.707 3.062 3.289 3.554 3.743 4.252 4.707 5.229 6.416 7.353 8.774 10.062 12.386 13.701 15.618 17.257 18.685 20.206
2.656 1.463 1.114 0.826 0.541 0.092 0.570 0.854 0.936 1.042 1.120 1.426 1.592 1.620 1.766 2.054 2.320 2.374 2.666 2.924 3.127 3.563 3.890 4.299 5.060 6.295 7.305 8.532 10.081 12.191 13.617 15.793 17.374 18.704 20.131
2.633 1.509 1.075 0.949 0.793 0.543 0.081 0.571 0.822 0.954 0.962 1.111 1.327 1.415 1.503 1.748 1.936 2.116 2.268 2.447 2.716 2.888 3.427 3.704 4.520 5.837 6.816 8.133 9.677 12.097 13.537 15.858 17.652 18.949 20.336
2.875 1.798 1.269 1.048 0.919 0.768 0.525 0.040 0.568 0.832 0.882 0.937 1.132 1.248 1.415 1.559 1.713 1.908 2.224 2.345 2.575 2.858 3.198 3.656 4.344 5.737 6.747 8.072 9.457 12.081 13.446 15.689 17.310 18.588 20.230
3.191 2.035 1.526 1.193 1.064 0.970 0.732 0.553 0.131 0.545 0.786 0.895 0.900 1.067 1.308 1.429 1.504 1.762 2.017 2.214 2.219 2.667 2.950 3.204 3.920 5.401 6.333 7.586 9.137 11.400 12.785 15.164 16.698 18.155 19.657
3.047 2.082 1.520 1.259 1.029 0.940 0.812 0.729 0.532 0.069 0.536 0.781 0.871 0.894 1.039 1.190 1.323 1.470 1.629 1.855 2.068 2.181 2.577 2.893 3.502 5.054 6.082 7.578 9.089 11.709 13.246 15.431 17.388 18.705 19.861
3.221 2.170 1.639 1.476 1.262 1.046 0.917 0.849 0.765 0.525 0.100 0.552 0.778 0.842 0.891 1.049 1.238 1.384 1.497 1.698 1.989 2.211 2.431 2.890 3.504 4.857 5.833 7.503 9.148 11.921 13.312 15.253 17.141 18.502 19.829
3.310 2.456 1.761 1.544 1.407 1.221 0.991 0.946 0.884 0.728 0.521 0.086 0.569 0.801 0.874 0.926 1.061 1.275 1.442 1.535 1.754 2.092 2.332 2.622 3.443 4.841 5.720 7.438 9.029 11.753 13.208 15.229 17.096 18.530 19.717
3.398 2.547 2.117 1.678 1.479 1.353 1.208 1.059 0.902 0.831 0.743 0.531 0.098 0.548 0.752 0.873 0.921 1.034 1.240 1.404 1.571 1.770 2.160 2.524 3.203 4.705 5.632 7.267 8.656 11.433 13.000 15.120 17.133 18.527 19.949
3.695 2.699 2.246 2.032 1.625 1.518 1.401 1.241 1.023 0.920 0.888 0.768 0.516 0.111 0.542 0.749 0.867 0.912 1.065 1.235 1.453 1.667 1.920 2.410 3.239 4.471 5.623 7.003 8.455 11.389 12.857 14.876 17.006 18.602 19.853
3.978 3.031 2.368 2.322 2.056 1.672 1.532 1.409 1.343 1.085 1.017 0.956 0.719 0.537 0.061 0.542 0.746 0.903 0.902 1.082 1.381 1.590 1.868 2.226 3.103 4.425 5.468 6.886 8.374 10.827 12.975 14.727 16.624 17.869 19.291
3.963 3.105 2.506 2.220 1.994 1.831 1.549 1.451 1.330 1.110 0.988 0.888 0.813 0.703 0.528 0.129 0.546 0.775 0.863 0.902 1.085 1.332 1.666 1.917 2.639 3.964 5.201 6.514 8.163 10.840 12.480 14.610 16.452 18.098 19.511
4.398 3.493 2.803 2.515 2.120 2.011 1.855 1.574 1.397 1.277 1.207 1.010 0.857 0.818 0.739 0.518 0.055 0.544 0.725 0.827 0.920 1.048 1.433 1.798 2.515 3.883 5.125 6.511 8.247 10.531 12.123 14.308 16.455 18.255 19.663
4.631 3.754 2.998 2.808 2.487 2.194 2.051 1.855 1.552 1.371 1.330 1.194 0.966 0.857 0.846 0.709 0.515 0.084 0.550 0.749 0.894 0.920 1.338 1.764 2.532 3.889 5.171 6.351 8.062 10.222 12.080 13.833 15.832 17.797 19.025
4.886 4.150 3.401 2.984 2.710 2.439 2.105 2.031 1.871 1.518 1.409 1.337 1.172 0.970 0.938 0.811 0.712 0.524 0.023 0.526 0.774 0.876 1.106 1.435 2.368 3.735 4.949 6.112 7.800 10.050 11.584 13.556 15.696 17.349 19.037
5.039 4.378 3.720 3.302 2.855 2.705 2.400 2.135 1.977 1.767 1.567 1.384 1.293 1.158 0.992 0.876 0.816 0.712 0.519 0.035 0.540 0.794 1.113 1.261 2.251 3.707 4.944 6.039 7.616 9.704 11.219 13.264 15.562 17.516 19.110
5.595 4.651 4.120 3.865 3.436 3.126 2.867 2.602 2.340 2.053 1.983 1.689 1.449 1.386 1.302 0.999 0.898 0.839 0.723 0.522 0.090 0.563 0.920 1.193 1.970 3.544 4.935 5.994 7.679 9.585 10.984 13.091 15.300 17.174 18.612
6.625 5.562 5.024 4.686 4.324 3.767 3.486 3.455 2.987 2.637 2.489 2.389 1.824 1.592 1.695 1.423 1.047 0.983 0.924 0.714 0.538 0.095 0.689 1.153 1.933 3.309 4.826 6.131 7.664 9.573 10.875 13.237 15.148 17.114 18.674
8.226 7.513 6.537 6.337 6.236 5.746 5.095 4.778 4.617 3.925 3.674 3.329 3.151 2.442 2.444 2.230 1.905 1.302 1.231 1.195 0.982 0.645 0.041 0.812 1.799 3.189 4.385 5.945 7.565 9.219 10.581 12.486 14.278 15.845 17.846
10.691 10.277 9.830 8.960 8.937 8.433 7.580 6.842 6.930 6.392 5.630 5.050 4.737 4.533 3.718 3.364 2.996 2.628 1.966 1.657 1.585 1.430 0.745 0.129 1.270 2.781 4.546 5.930 7.750 9.419 10.797 12.489 14.082 15.639 17.210
19.316 18.682 18.848 18.692 17.306 17.419 16.893 15.575 15.285 14.151 14.071 11.973 11.136 10.546 10.154 8.059 7.082 6.699 5.701 3.622 3.368 3.480 2.475 0.888 0.053 1.624 3.932 5.318 7.951 9.347 11.219 12.703 14.462 15.549 17.041
23.811 23.117 22.203 21.805 21.304 20.757 20.205 19.500 17.206 16.948 16.172 15.757 14.062 13.025 12.710 11.957 9.145 8.193 8.802 7.521 5.013 5.368 5.670 3.433 1.395 0.102 1.704 3.396 5.669 6.598 9.432 11.267 13.005 14.904 16.484
25.350 25.064 24.811 23.832 23.340 23.581 22.089 20.935 21.027 19.258 17.890 16.858 16.868 15.363 13.331 12.978 12.461 10.171 9.571 8.970 7.630 6.591 6.443 6.064 3.711 1.258 0.077 1.347 2.997 4.699 6.917 8.520 10.586 12.869 14.606
26.003 26.014 25.790 25.569 24.883 25.275 23.877 22.702 21.303 21.598 19.235 17.551 17.528 16.587 15.739 14.096 13.661 11.473 10.616 10.605 9.364 8.064 6.729 6.711 5.354 3.226 1.118 0.054 1.268 3.142 5.147 6.150 8.368 10.197 12.123
27.064 26.481 26.494 26.636 25.995 26.022 25.251 24.366 24.262 22.947 21.677 20.769 19.965 18.508 17.452 16.896 15.938 14.181 13.349 12.459 10.822 9.843 8.950 7.796 5.961 4.444 2.834 1.156 0.054 1.726 4.094 5.415 6.978 8.945 10.712
27.428 27.417 27.266 27.299 26.789 26.992 26.476 25.549 25.183 24.521 23.464 22.134 21.276 19.482 18.736 17.781 16.217 14.757 13.559 12.158 11.075 10.636 9.523 8.030 7.119 6.489 4.969 3.594 1.545 0.216 1.754 3.968 5.406 6.673 8.943
28.515 28.390 28.168 28.155 27.880 28.161 27.811 27.323 27.003 26.235 25.518 24.463 24.247 22.910 21.881 21.033 20.012 18.226 16.602 15.600 14.964 14.183 12.064 10.723 9.882 8.237 6.561 4.971 3.891 1.546 0.307 1.753 4.356 5.462 7.132
29.039 28.793 28.960 28.748 28.449 28.442 28.322 28.054 27.031 27.229 26.556 26.292 25.812 24.439 23.563 23.053 21.758 19.883 18.961 18.115 16.393 15.730 14.814 12.855 11.276 10.254 8.700 6.948 5.387 3.833 1.590 0.192 1.740 3.980 5.456
29.257 29.326 29.102 29.043 28.893 28.846 28.681 28.538 28.190 27.936 27.368 27.147 26.701 26.256 25.418 25.022 23.916 23.023 21.860 20.211 19.389 18.769 16.709 14.748 14.119 12.857 9.816 8.865 6.556 5.285 3.918 1.833 0.276 1.741 4.054
29.028 28.757 28.786 28.825 28.649 28.675 28.531 28.331 28.187 27.817 27.536 27.073 26.908 26.475 25.801 25.222 24.722 23.897 23.005 21.770 20.722 20.582 18.784 16.895 15.603 14.335 12.025 9.715 8.093 6.737 5.141 3.941 1.586 0.125 1.734
29.197 29.040 29.016 29.084 28.905 29.093 28.938 28.812 28.713 28.411 28.071 28.036 27.722 27.356 27.414 26.733 26.113 25.963 25.474 24.509 23.805 23.439 22.914 21.269 20.278 19.061 16.077 13.597 10.540 9.221 6.785 6.040 4.068 1.670 0.070
