0.074 1.353 3.213 5.277 7.260 9.450 12.075 14.545 16.538 19.584 21.637 23.287 24.226 24.680 25.801 26.620 27.599 27.153 27.933 28.058 28.055 28.162 27.813 28.150 28.176 28.351 28.296 28.716 28.704 29.109
1.073 0.285 1.524 3.707 5.892 7.524 11.475 13.994 16.775 19.310 21.520 23.137 24.179 24.803 25.428 26.251 26.837 26.696 27.153 27.435 27.662 27.283 27.313 27.478 27.448 27.613 27.827 28.161 28.161 28.318
3.616 1.240 0.107 1.799 4.175 6.285 8.737 11.482 13.799 15.991 18.647 20.072 21.535 22.543 23.466 24.669 25.443 25.674 26.105 26.695 27.177 26.845 26.916 27.164 27.158 27.530 27.489 27.672 28.053 28.217
5.751 4.597 1.660 0.185 1.794 3.868 5.590 6.726 10.106 10.608 13.545 15.466 17.359 18.766 20.065 21.838 22.516 23.054 23.796 25.123 25.162 25.076 25.033 25.800 25.617 26.121 25.714 26.260 26.347 26.888
8.330 6.328 4.016 1.353 0.274 1.353 2.842 4.377 6.293 8.433 10.061 12.501 14.113 15.887 17.119 19.285 20.515 20.547 21.718 23.044 23.180 23.493 23.289 24.055 24.010 24.293 23.933 24.599 24.713 25.631
10.145 7.186 5.614 3.270 1.203 0.250 1.302 2.942 4.671 5.424 8.205 9.388 11.401 13.303 14.966 16.852 18.284 18.160 19.670 21.173 21.310 21.878 21.786 23.075 22.881 23.295 22.555 23.583 23.236 24.534
10.507 7.991 6.220 4.316 2.916 1.147 0.211 1.221 2.723 3.843 5.632 8.080 9.392 10.687 12.849 15.026 16.164 16.620 18.256 19.764 20.197 20.896 21.349 22.340 22.020 22.500 21.734 22.773 22.647 23.828
11.927 9.544 7.965 5.844 4.262 2.796 1.060 0.214 1.147 2.293 4.081 5.384 7.766 8.938 11.241 13.252 14.883 15.293 17.148 18.898 19.546 20.375 20.588 21.815 21.448 21.962 20.907 21.998 21.789 23.159
12.984 10.493 8.665 7.280 5.572 4.013 2.769 1.086 0.253 1.101 2.494 3.975 5.422 6.803 8.879 10.450 12.023 12.840 15.121 16.748 17.961 18.669 19.418 20.714 20.450 21.252 19.849 20.660 20.884 22.386
14.080 11.808 10.311 9.097 7.413 5.533 4.106 2.822 0.996 0.137 1.155 2.620 4.259 5.409 7.733 9.541 11.149 12.409 14.720 16.224 17.972 18.576 19.521 21.032 20.935 21.395 20.380 20.998 21.087 22.602
15.614 13.911 11.849 9.981 8.543 7.001 5.446 3.777 2.590 1.002 0.131 0.997 2.360 3.749 5.727 7.445 9.920 10.976 13.329 15.372 17.011 18.188 19.208 21.032 20.930 21.428 19.862 20.860 20.628 22.224
17.838 15.830 14.272 12.226 10.878 8.355 7.218 5.428 3.883 2.579 0.981 0.203 1.258 2.743 4.796 6.669 9.610 10.706 12.873 15.198 17.006 18.042 19.324 20.766 21.303 21.479 19.859 21.052 20.769 22.391
19.471 18.060 16.695 15.157 13.925 11.639 9.362 8.421 6.134 4.568 2.887 1.229 0.120 1.607 3.921 5.508 8.536 9.497 12.102 14.583 16.420 18.068 19.196 21.150 21.041 21.609 19.512 20.895 20.640 22.428
21.203 19.667 18.348 17.283 15.400 13.403 11.561 9.839 8.482 6.564 5.209 3.556 1.418 0.148 1.602 3.784 7.001 8.468 11.524 13.890 15.785 17.232 18.562 20.457 20.387 21.018 18.586 19.918 19.456 21.734
25.008 23.850 22.657 21.825 20.434 18.485 16.352 14.474 11.970 9.717 7.265 5.343 3.536 1.437 0.193 1.494 3.713 6.884 9.071 12.355 14.152 16.075 17.743 19.595 19.459 19.997 17.587 18.749 18.473 20.739
25.598 25.087 24.231 23.218 21.617 20.304 18.115 16.235 14.216 11.008 9.646 7.002 5.145 3.785 1.372 0.054 1.222 3.266 5.562 8.399 10.379 13.741 15.617 17.306 17.045 17.174 13.944 15.129 14.334 17.566
26.535 25.728 25.031 24.090 22.750 21.281 19.343 17.419 15.446 12.435 10.992 8.250 6.476 4.555 2.977 1.081 0.240 1.562 3.743 5.632 7.897 11.186 14.079 14.902 14.805 14.886 11.699 13.477 12.802 16.031
28.258 27.688 26.998 26.542 26.004 25.473 24.685 23.189 21.806 19.281 16.870 14.498 12.122 8.966 6.786 3.825 1.463 0.265 1.610 3.840 6.658 9.621 12.387 13.858 13.759 13.980 10.754 12.651 12.088 15.437
28.918 28.687 28.135 27.548 26.744 26.320 25.999 24.330 23.481 20.991 18.411 15.355 12.749 9.462 7.798 6.013 3.892 1.440 0.294 1.634 4.337 7.736 10.823 12.059 12.124 12.193 9.447 11.396 11.302 14.370
29.218 28.948 28.623 28.283 27.956 27.708 27.140 25.830 25.284 23.416 21.027 18.042 15.538 12.420 10.768 8.181 5.867 4.129 1.813 0.327 1.741 4.440 8.072 9.469 10.067 10.292 7.939 11.368 11.025 14.022
29.507 29.064 28.916 28.735 28.143 27.759 27.388 26.631 26.188 25.092 23.454 20.862 18.796 15.800 14.999 12.058 9.496 6.526 3.899 1.442 0.383 1.587 4.346 7.499 8.202 8.936 7.259 10.463 10.977 13.648
29.266 28.979 28.778 28.731 28.279 27.988 27.901 27.096 26.724 25.805 23.807 21.422 19.286 17.356 16.822 14.787 12.167 8.786 6.936 3.964 1.576 0.220 1.663 4.277 7.095 8.171 7.084 10.188 10.330 13.664
29.432 29.076 28.826 28.516 28.114 27.820 27.614 26.760 26.661 25.260 23.159 21.221 19.204 16.940 16.930 15.635 13.529 10.778 8.626 6.282 4.034 1.285 0.406 1.593 4.298 7.191 8.219 11.516 13.336 15.384
29.525 29.476 29.160 28.957 28.603 28.235 27.928 27.269 26.911 25.821 24.379 21.818 19.812 18.116 17.839 16.647 15.038 12.098 10.924 8.708 6.562 4.005 1.661 0.186 1.839 4.443 7.127 9.523 11.638 14.475
29.622 29.534 29.321 29.123 28.728 28.403 28.208 27.404 26.993 26.108 24.847 22.850 21.015 19.679 19.781 18.943 17.584 14.203 13.726 11.448 8.971 7.653 3.872 1.666 0.321 1.747 5.185 7.424 9.993 11.619
29.453 29.343 29.166 28.996 28.549 28.304 27.958 27.231 26.831 25.804 24.487 22.451 20.918 19.143 18.995 17.895 15.903 12.754 12.188 9.682 7.664 7.934 6.110 3.584 1.691 0.355 1.691 4.288 6.421 8.071
29.590 29.373 29.195 28.974 28.538 28.116 27.746 26.972 26.833 25.805 24.585 22.954 21.477 19.655 19.418 18.136 15.944 12.882 12.476 9.898 7.007 9.326 9.015 6.264 3.612 1.470 0.362 1.658 3.810 5.962
29.431 29.342 28.953 28.701 28.428 28.254 27.931 27.207 26.662 25.995 24.967 23.293 21.759 19.733 19.308 17.903 15.298 12.515 11.794 9.707 7.749 9.625 9.384 7.856 5.596 3.488 1.348 0.211 1.628 4.303
29.454 29.237 28.882 28.769 28.408 28.140 27.671 26.963 26.667 25.759 24.337 22.778 21.310 19.284 18.842 17.620 15.644 12.587 12.098 9.865 7.777 10.792 11.488 9.480 7.311 5.238 3.441 1.528 0.328 1.510
29.640 29.525 29.409 29.233 29.034 28.733 28.349 27.866 27.507 26.552 25.453 24.005 21.978 19.940 19.373 17.618 15.865 12.815 11.677 10.014 8.740 11.859 12.914 12.189 9.846 8.124 5.561 4.470 1.423 0.198
